<?xml version="1.0"?>
<opencv_storage>
<CameraMatrix type_id="opencv-matrix">
  <rows>3</rows>
  <cols>3</cols>
  <dt>d</dt>
  <data>
    4.8603066359758088e+02 0. 3.2855200772148032e+02 0.
    4.8811461746431985e+02 2.3069404237633634e+02 0. 0. 1.</data></CameraMatrix>
<DistortionCoeffs type_id="opencv-matrix">
  <rows>1</rows>
  <cols>5</cols>
  <dt>d</dt>
  <data>
    -3.6565954001420736e-01 1.8946975862132087e-01
    2.7835720025687306e-04 2.3009734078628736e-04
    -5.6739845363176625e-02</data></DistortionCoeffs>
<RotationVector type_id="opencv-matrix">
  <rows>3</rows>
  <cols>1</cols>
  <dt>d</dt>
  <data>
    -1.3583665083904752e+00 -3.5253825950821327e-02
    -1.3998561968074261e-02</data></RotationVector>
<TranslationVector type_id="opencv-matrix">
  <rows>3</rows>
  <cols>1</cols>
  <dt>d</dt>
  <data>
    -6.6683229513402671e+02 9.7157227385769727e+02
    3.6131869774229012e+03</data></TranslationVector>
</opencv_storage>
