<?xml version="1.0"?>
<opencv_storage>
<CameraMatrix type_id="opencv-matrix">
  <rows>3</rows>
  <cols>3</cols>
  <dt>d</dt>
  <data>
    4.8993920776481986e+02 0. 3.2231536169927398e+02 0.
    4.8854569159416531e+02 2.3289791083594480e+02 0. 0. 1.</data></CameraMatrix>
<DistortionCoeffs type_id="opencv-matrix">
  <rows>1</rows>
  <cols>5</cols>
  <dt>d</dt>
  <data>
    -3.5852925288727461e-01 1.6873926659825789e-01
    1.2384188777191673e-03 -2.9605661566729704e-04
    -4.3994512108400476e-02</data></DistortionCoeffs>
<RotationVector type_id="opencv-matrix">
  <rows>3</rows>
  <cols>1</cols>
  <dt>d</dt>
  <data>
    -9.9153342999627259e-01 -9.1387151151237012e-01
    -1.2934279470480459e+00</data></RotationVector>
<TranslationVector type_id="opencv-matrix">
  <rows>3</rows>
  <cols>1</cols>
  <dt>d</dt>
  <data>
    4.8952556059095247e+02 1.1117025661794703e+03 2.9288985301897292e+03</data></TranslationVector>
</opencv_storage>
